,Flavor Name,Positive,Negative,Total,Difference,Percent_Positive,Percent_Negative
0,cap vanilla custard v,8,4,12,4,0.6666666666666666,0.3333333333333333
1,rootbeer,5,5,10,0,0.5,0.5
2,vanilla bean gelato,0,4,4,-4,0.0,1.0
3,fe lemon,2,0,2,2,1.0,0.0
4,caramel cream,4,0,4,4,1.0,0.0
5,menthol,2431,864,3295,1567,0.7377845220030349,0.2622154779969651
6,d wine,3,6,9,-3,0.3333333333333333,0.6666666666666666
7,tfa peanut butter,2,0,2,2,1.0,0.0
8,raspberry v,1,2,3,-1,0.3333333333333333,0.6666666666666666
9,strawberry cloud,30,3,33,27,0.9090909090909091,0.09090909090909091
10,liquid barn,6,3,9,3,0.6666666666666666,0.3333333333333333
11,coconut fl,5,6,11,-1,0.45454545454545453,0.5454545454545454
12,pineapp,-222,-246,-468,24,0.47435897435897434,0.5256410256410257
13,vanilla butter,-10,6,-4,-16,2.5,-1.5
14,black honey tobacco,4,0,4,4,1.0,0.0
15,aromatic,8,1,9,7,0.8888888888888888,0.1111111111111111
16,yogurt v,6,2,8,4,0.75,0.25
17,yellow cake,60,6,66,54,0.9090909090909091,0.09090909090909091
18,butter caramel,4,0,4,4,1.0,0.0
19,coconut candy,5,15,20,-10,0.25,0.75
20,vanilla swirl,33,2,35,31,0.9428571428571428,0.05714285714285714
21,cola,1111,347,1458,764,0.7620027434842249,0.23799725651577502
22,cpa,115,155,270,-40,0.42592592592592593,0.5740740740740741
23,zebra,1,274,275,-273,0.0036363636363636364,0.9963636363636363
24,zombie killer,4,12,16,-8,0.25,0.75
25,tropical punch,3,9,12,-6,0.25,0.75
26,strawberrybanana,2,1,3,1,0.6666666666666666,0.3333333333333333
27,mola,3,5,8,-2,0.375,0.625
28,venom,51,33,84,18,0.6071428571428571,0.39285714285714285
29,peanut butter jelly,6,14,20,-8,0.3,0.7
30,cantaloupe,10,15,25,-5,0.4,0.6
31,caramel mocha,0,4,4,-4,0.0,1.0
32,rice krispy treat,7,2,9,5,0.7777777777777778,0.2222222222222222
33,vanilla bean ice cream,267,26,293,241,0.9112627986348123,0.08873720136518772
34,custard cream,7,1,8,6,0.875,0.125
35,koolad,-39,-27,-66,-12,0.5909090909090909,0.4090909090909091
36,e vanilla b,10,9,19,1,0.5263157894736842,0.47368421052631576
37,huckleberry,8,10,18,-2,0.4444444444444444,0.5555555555555556
38,koolada,84,54,138,30,0.6086956521739131,0.391304347826087
39,graham crust,-1,0,-1,-1,1.0,-0.0
40,zen garden,22,11,33,11,0.6666666666666666,0.3333333333333333
41,holiday spice,0,2,2,-2,0.0,1.0
42,brandy,3,4,7,-1,0.42857142857142855,0.5714285714285714
43,bubblegum,48,42,90,6,0.5333333333333333,0.4666666666666667
44,grape,128,143,271,-15,0.47232472324723246,0.5276752767527675
45,citric acid,11,6,17,5,0.6470588235294118,0.35294117647058826
46,fa orange,0,2,2,-2,0.0,1.0
47,fa cheesecake,4,1,5,3,0.8,0.2
48,kentucky bourbon,1,5,6,-4,0.16666666666666666,0.8333333333333334
49,waffle cap,192,39,231,153,0.8311688311688312,0.16883116883116883
50,gummy candy,6,6,12,0,0.5,0.5
51,boom,103,82,185,21,0.5567567567567567,0.44324324324324327
52,peanut butter v,12,12,24,0,0.5,0.5
53,vanilla custard v,-1,-1,-2,0,0.5,0.5
54,gingerbread,6,18,24,-12,0.25,0.75
55,apple pie,171,83,254,88,0.6732283464566929,0.32677165354330706
56,cappuccino,66,18,84,48,0.7857142857142857,0.21428571428571427
57,meringue,73,74,147,-1,0.4965986394557823,0.5034013605442177
58,jackfruit,5,1,6,4,0.8333333333333334,0.16666666666666666
59,e cardamom,6,2,8,4,0.75,0.25
60,pecan,148,130,278,18,0.5323741007194245,0.4676258992805755
61,capella ca,0,3,3,-3,0.0,1.0
62,strawberry d,149,12,161,137,0.9254658385093167,0.07453416149068323
63,e lemonade,14,15,29,-1,0.4827586206896552,0.5172413793103449
64,bubble,116,166,282,-50,0.41134751773049644,0.5886524822695035
65,tfa blueberry extra,4,0,4,4,1.0,0.0
66,french vanilla,84,35,119,49,0.7058823529411765,0.29411764705882354
67,maraschino cherry,2,0,2,2,1.0,0.0
68,yellow e,1,2,3,-1,0.3333333333333333,0.6666666666666666
69,mocha,24,15,39,9,0.6153846153846154,0.38461538461538464
70,raspberry g,7,0,7,7,1.0,0.0
71,cheesecake,921,135,1056,786,0.8721590909090909,0.1278409090909091
72,ethyl maltol,48,84,132,-36,0.36363636363636365,0.6363636363636364
73,cream,3502,1014,4516,2488,0.7754650132860939,0.22453498671390612
74,jamaican rum,1,1,2,0,0.5,0.5
75,strawberry ripe,87,23,110,64,0.7909090909090909,0.20909090909090908
76,after dark,10,4,14,6,0.7142857142857143,0.2857142857142857
77,waffle,2190,609,2799,1581,0.782422293676313,0.21757770632368703
78,graham cracker clear,5,5,10,0,0.5,0.5
79,apple candy,1,3,4,-2,0.25,0.75
80,fuji apple,2,8,10,-6,0.2,0.8
81,yellow cupcake,0,2,2,-2,0.0,1.0
82,ccls,0,6,6,-6,0.0,1.0
83,blueberry lemonade,248,48,296,200,0.8378378378378378,0.16216216216216217
84,cherry blossom,16,6,22,10,0.7272727272727273,0.2727272727272727
85,strawberry kiwi,46,18,64,28,0.71875,0.28125
86,starburst,22,21,43,1,0.5116279069767442,0.4883720930232558
87,white chocolate,18,60,78,-42,0.23076923076923078,0.7692307692307693
88,raspberry r,2,0,2,2,1.0,0.0
89,melon mint,1,5,6,-4,0.16666666666666666,0.8333333333333334
90,sweet cream cap,2,0,2,2,1.0,0.0
91,root beer o,1,1,2,0,0.5,0.5
92,pom,24,53,77,-29,0.3116883116883117,0.6883116883116883
93,cap vanilla bean ice,-1,0,-1,-1,1.0,-0.0
94,reven,398,261,659,137,0.6039453717754173,0.3960546282245827
95,inw biscuit,0,4,4,-4,0.0,1.0
96,hard candy,4,2,6,2,0.6666666666666666,0.3333333333333333
97,strawberry del,2,0,2,2,1.0,0.0
98,blue raspberry ca,2,3,5,-1,0.4,0.6
99,ry double,36,4,40,32,0.9,0.1
100,menthol liquid,12,2,14,10,0.8571428571428571,0.14285714285714285
101,coconut diy,0,2,2,-2,0.0,1.0
102,freckled lemonade,4,2,6,2,0.6666666666666666,0.3333333333333333
103,raspberry w,0,3,3,-3,0.0,1.0
104,rice pudding,24,3,27,21,0.8888888888888888,0.1111111111111111
105,em sweetener,1,1,2,0,0.5,0.5
106,yoghurt,7,14,21,-7,0.3333333333333333,0.6666666666666666
107,tfa strawberry ripe,3,2,5,1,0.6,0.4
108,capella blueberry,0,2,2,-2,0.0,1.0
109,smooth,1084,834,1918,250,0.5651720542231491,0.4348279457768509
110,vanilla bourbon,1,4,5,-3,0.2,0.8
111,tfa sweet cream,3,0,3,3,1.0,0.0
112,coconut rum,1,1,2,0,0.5,0.5
113,menthol crystal,4,0,4,4,1.0,0.0
114,cake yellow,3,0,3,3,1.0,0.0
115,vanilla bean i,15,4,19,11,0.7894736842105263,0.21052631578947367
116,toasted almond,6,15,21,-9,0.2857142857142857,0.7142857142857143
117,key lime,130,78,208,52,0.625,0.375
118,blackberry lemonade,1,2,3,-1,0.3333333333333333,0.6666666666666666
119,ygt,0,6,6,-6,0.0,1.0
120,salted caramel,10,5,15,5,0.6666666666666666,0.3333333333333333
121,peanut butter cup,160,120,280,40,0.5714285714285714,0.42857142857142855
122,grapefruit,29,15,44,14,0.6590909090909091,0.3409090909090909
123,cotton candy,31,49,80,-18,0.3875,0.6125
124,tfa vanilla swirl,5,0,5,5,1.0,0.0
125,lemon lime,6,10,16,-4,0.375,0.625
126,american red,1,1,2,0,0.5,0.5
127,blueraspberry,1,4,5,-3,0.2,0.8
128,la cream cheese icing,4,0,4,4,1.0,0.0
129,d yogurt,3,5,8,-2,0.375,0.625
130,whipped cream,90,12,102,78,0.8823529411764706,0.11764705882352941
131,cinnamon roll,285,30,315,255,0.9047619047619048,0.09523809523809523
132,coconut ext,1,0,1,1,1.0,0.0
133,vienna cream,3,0,3,3,1.0,0.0
134,spearmint,84,52,136,32,0.6176470588235294,0.38235294117647056
135,papa smurf,2,10,12,-8,0.16666666666666666,0.8333333333333334
136,fruity,621,1096,1717,-475,0.36167734420500874,0.6383226557949913
137,tart sour,3,1,4,2,0.75,0.25
138,blood orange,44,36,80,8,0.55,0.45
139,strawberry capella,2,0,2,2,1.0,0.0
140,peanut butter,2767,1971,4738,796,0.5840016884761503,0.41599831152384975
141,yuko,2,4,6,-2,0.3333333333333333,0.6666666666666666
142,malted milk,1,2,3,-1,0.3333333333333333,0.6666666666666666
143,white chocola,-15,-50,-65,35,0.23076923076923078,0.7692307692307693
144,peanut butter cookie,14,2,16,12,0.875,0.125
145,reunite,1,1,2,0,0.5,0.5
146,caramel c,53,14,67,39,0.7910447761194029,0.208955223880597
147,banana cr,82,23,105,59,0.780952380952381,0.21904761904761905
148,blue raspberry cotton candy,5,0,5,5,1.0,0.0
149,tiramisu,105,80,185,25,0.5675675675675675,0.43243243243243246
150,root beer,729,19,748,710,0.9745989304812834,0.02540106951871658
151,cinnamon sugar cookie,9,0,9,9,1.0,0.0
152,cap harvest berry,2,0,2,2,1.0,0.0
153,cheesecake graham crust,4,0,4,4,1.0,0.0
154,rice krispy,7,4,11,3,0.6363636363636364,0.36363636363636365
155,orange cream,42,14,56,28,0.75,0.25
156,raspberry,6619,2592,9211,4027,0.7185973292802085,0.2814026707197916
157,vanilla custard,1658,761,2419,897,0.6854071930549814,0.3145928069450186
158,peanut butter e,2,2,4,0,0.5,0.5
159,coconut extract,2,0,2,2,1.0,0.0
160,strawberry conc,0,0,0,0,,
161,chestnut,3,1,4,2,0.75,0.25
163,cinnamon,2093,290,2383,1803,0.878304657994125,0.12169534200587495
164,white out,0,8,8,-8,0.0,1.0
165,blackberry,18,14,32,4,0.5625,0.4375
166,vanilla,1461,798,2259,663,0.646746347941567,0.35325365205843295
167,chocolate cream,27,0,27,27,1.0,0.0
168,pale,30,27,57,3,0.5263157894736842,0.47368421052631576
169,yumberry,0,13,13,-13,0.0,1.0
170,licorice,2,9,11,-7,0.18181818181818182,0.8181818181818182
171,dragonfruit,306,84,390,222,0.7846153846153846,0.2153846153846154
172,blueberry candy,2,0,2,2,1.0,0.0
173,honeysuckle,72,69,141,3,0.5106382978723404,0.48936170212765956
174,dragon fruit,82,6,88,76,0.9318181818181818,0.06818181818181818
175,mandarin,8,2,10,6,0.8,0.2
176,creamy coconut,4,4,8,0,0.5,0.5
177,peanut butter chocolate,8,4,12,4,0.6666666666666666,0.3333333333333333
178,strawberry r,31,4,35,27,0.8857142857142857,0.11428571428571428
179,vanilla butternut,14,0,14,14,1.0,0.0
180,sugar coo,20,4,24,16,0.8333333333333334,0.16666666666666666
181,super sour,1,2,3,-1,0.3333333333333333,0.6666666666666666
182,sweet grape,1,2,3,-1,0.3333333333333333,0.6666666666666666
183,ice cream,216,18,234,198,0.9230769230769231,0.07692307692307693
184,toasted coconut,2,0,2,2,1.0,0.0
185,banana cream,920,179,1099,741,0.8371246587807097,0.16287534121929026
186,sweet strawberry cap,2,0,2,2,1.0,0.0
187,banana nut bread,24,32,56,-8,0.42857142857142855,0.5714285714285714
188,yogurt,1830,2068,3898,-238,0.4694715238583889,0.530528476141611
189,chocolate g,13,5,18,8,0.7222222222222222,0.2777777777777778
190,tfa caramel,2,2,4,0,0.5,0.5
191,passionfruit,8,2,10,6,0.8,0.2
192,banana gone nut,0,4,4,-4,0.0,1.0
193,ginger,33,19,52,14,0.6346153846153846,0.36538461538461536
194,zzzz,12,12,24,0,0.5,0.5
195,caramel tobacco,6,0,6,6,1.0,0.0
196,sour raspberry,0,2,2,-2,0.0,1.0
197,vanilla bean ice crea,15,2,17,13,0.8823529411764706,0.11764705882352941
198,molasses,3,3,6,0,0.5,0.5
199,acai berry,0,6,6,-6,0.0,1.0
200,strawberry candy,6,14,20,-8,0.3,0.7
201,vanilla bean ic,15,4,19,11,0.7894736842105263,0.21052631578947367
202,raspberry sweet,8,0,8,8,1.0,0.0
203,sweetener sucralose,6,3,9,3,0.6666666666666666,0.3333333333333333
204,la banana cream,4,1,5,3,0.8,0.2
205,cream fresh,2,0,2,2,1.0,0.0
206,a watermelon,5,3,8,2,0.625,0.375
207,strawberry cheescake,2,0,2,2,1.0,0.0
208,blue raspberry,616,243,859,373,0.7171129220023282,0.2828870779976717
209,tfa caramel candy,0,2,2,-2,0.0,1.0
210,toasted marshmallow,15,0,15,15,1.0,0.0
211,raspberry apple,1,1,2,0,0.5,0.5
212,earl grey tea,32,6,38,26,0.8421052631578947,0.15789473684210525
213,tfa,534,308,842,226,0.6342042755344418,0.3657957244655582
214,bse,132,148,280,-16,0.4714285714285714,0.5285714285714286
215,pg m,54,31,85,23,0.6352941176470588,0.36470588235294116
216,pumpkin,13,6,19,7,0.6842105263157895,0.3157894736842105
217,new york cheesecake cap,2,0,2,2,1.0,0.0
218,blueberry ext,0,0,0,0,,
219,coconut g,1,1,2,0,0.5,0.5
220,strawberry cupcake,1,1,2,0,0.5,0.5
221,biscotti,5,2,7,3,0.7142857142857143,0.2857142857142857
222,smoke pipe,4,0,4,4,1.0,0.0
223,pomegranate,25,25,50,0,0.5,0.5
224,fa meringue,2,3,5,-1,0.4,0.6
225,coconut ex,1,0,1,1,1.0,0.0
226,turkish,19,7,26,12,0.7307692307692307,0.2692307692307692
227,inw raspberry,2,0,2,2,1.0,0.0
228,capella,398,340,738,58,0.5392953929539296,0.46070460704607047
229,nectarine,2,4,6,-2,0.3333333333333333,0.6666666666666666
230,fa marshmallow,2,0,2,2,1.0,0.0
231,strawberry v,25,6,31,19,0.8064516129032258,0.1935483870967742
232,peanutbutter,12,21,33,-9,0.36363636363636365,0.6363636363636364
233,apple sour,0,8,8,-8,0.0,1.0
234,raspberry h,5,1,6,4,0.8333333333333334,0.16666666666666666
235,wale,2,3,5,-1,0.4,0.6
236,fa caramel,2,4,6,-2,0.3333333333333333,0.6666666666666666
237,coffee,1174,584,1758,590,0.6678043230944255,0.3321956769055745
238,yog,177,207,384,-30,0.4609375,0.5390625
239,caramel v,32,12,44,20,0.7272727272727273,0.2727272727272727
240,caramel candy,0,30,30,-30,0.0,1.0
241,blueberry,4116,960,5076,3156,0.8108747044917257,0.18912529550827423
242,pie crust,12,3,15,9,0.8,0.2
243,cap vanilla custard,-4,2,-2,-6,2.0,-1.0
244,sour apple,9,19,28,-10,0.32142857142857145,0.6785714285714286
245,creme de menthe,10,4,14,6,0.7142857142857143,0.2857142857142857
246,cake batter,20,5,25,15,0.8,0.2
247,honeydew,129,144,273,-15,0.4725274725274725,0.5274725274725275
248,black licorice,8,1,9,7,0.8888888888888888,0.1111111111111111
249,tfa vanilla custard,2,0,2,2,1.0,0.0
250,cinnamon danish,53,0,53,53,1.0,0.0
251,blue raspberry slush,1,1,2,0,0.5,0.5
252,fruity flake,0,2,2,-2,0.0,1.0
253,capel,38,34,72,4,0.5277777777777778,0.4722222222222222
254,vanilla bean ice cream t,2,1,3,1,0.6666666666666666,0.3333333333333333
255,rhubarb custard,2,0,2,2,1.0,0.0
256,e yogurt,9,6,15,3,0.6,0.4
257,shenanigan,12,3,15,9,0.8,0.2
258,strawberry concentrate,2,0,2,2,1.0,0.0
259,caramel cappuccino,2,0,2,2,1.0,0.0
261,mango,500,1112,1612,-612,0.31017369727047145,0.6898263027295285
262,sweetener,209,402,611,-193,0.34206219312602293,0.6579378068739771
263,berry crunch,117,18,135,99,0.8666666666666667,0.13333333333333333
264,rhm,5,6,11,-1,0.45454545454545453,0.5454545454545454
265,yg,179,247,426,-68,0.42018779342723006,0.57981220657277
266,strawberry cap,0,0,0,0,,
267,yougurt,0,22,22,-22,0.0,1.0
268,banana,5026,2807,7833,2219,0.6416443252904379,0.3583556747095621
269,vanilla bean ice,57,12,69,45,0.8260869565217391,0.17391304347826086
270,tutti frutti,4,0,4,4,1.0,0.0
271,chocolate,853,212,1065,641,0.8009389671361502,0.19906103286384977
272,vanilla c,330,150,480,180,0.6875,0.3125
273,horchata,87,115,202,-28,0.4306930693069307,0.5693069306930693
274,fruit circle,12,0,12,12,1.0,0.0
275,yun,13,13,26,0,0.5,0.5
276,tfa sweetener,2,3,5,-1,0.4,0.6
277,anana cream,73,14,87,59,0.8390804597701149,0.16091954022988506
278,hazelnut,452,112,564,340,0.8014184397163121,0.19858156028368795
279,e brown sugar,14,0,14,14,1.0,0.0
280,fw,201,286,487,-85,0.4127310061601643,0.5872689938398358
281,blue raspberry fl,6,2,8,4,0.75,0.25
282,clove,54,34,88,20,0.6136363636363636,0.38636363636363635
283,tobacco ab,1,1,2,0,0.5,0.5
284,roope,15,8,23,7,0.6521739130434783,0.34782608695652173
285,skittle,19,17,36,2,0.5277777777777778,0.4722222222222222
286,caramel cap,0,8,8,-8,0.0,1.0
287,red velvet cake,12,3,15,9,0.8,0.2
288,dairy milk,4,0,4,4,1.0,0.0
289,menthol eucalyptus,2,0,2,2,1.0,0.0
290,bacon,190,115,305,75,0.6229508196721312,0.3770491803278688
291,cloud,2114,1726,3840,388,0.5505208333333333,0.44947916666666665
292,vanilla cupcake,88,72,160,16,0.55,0.45
293,banana g,10,8,18,2,0.5555555555555556,0.4444444444444444
294,orange,804,916,1720,-112,0.46744186046511627,0.5325581395348837
295,thug juice,31,29,60,2,0.5166666666666667,0.48333333333333334
296,frosted donut,4,0,4,4,1.0,0.0
297,peach juicy,2,0,2,2,1.0,0.0
298,almond,186,185,371,1,0.5013477088948787,0.49865229110512127
299,pear,2196,1913,4109,283,0.534436602579703,0.4655633974202969
300,blueberry extra,0,0,0,0,,
301,caramel macchiato,2,4,6,-2,0.3333333333333333,0.6666666666666666
302,apple green,2,0,2,2,1.0,0.0
303,absinthe,20,28,48,-8,0.4166666666666667,0.5833333333333334
304,apple,3155,1927,5082,1228,0.62081857536403,0.3791814246359701
305,y ac,2080,1492,3572,588,0.5823068309070548,0.4176931690929451
306,strawberry cheesecake,158,8,166,150,0.9518072289156626,0.04819277108433735
307,dr pepper,9,2,11,7,0.8181818181818182,0.18181818181818182
308,yellow color,2,3,5,-1,0.4,0.6
309,cap sweet strawberry,8,8,16,0,0.5,0.5
310,eggnog,6,6,12,0,0.5,0.5
311,beer,299,200,499,99,0.5991983967935872,0.40080160320641284
312,tangerine,14,16,30,-2,0.4666666666666667,0.5333333333333333
313,mg nicotine,131,82,213,49,0.6150234741784038,0.38497652582159625
314,butter,1244,1076,2320,168,0.5362068965517242,0.46379310344827585
315,blue lemonade,3,0,3,3,1.0,0.0
316,sugar cookie cap,2,0,2,2,1.0,0.0
317,caramel original,20,0,20,20,1.0,0.0
318,candy watermelon,18,72,90,-54,0.2,0.8
319,graham cracker,277,49,326,228,0.8496932515337423,0.15030674846625766
320,butterscotch,222,264,486,-42,0.4567901234567901,0.5432098765432098
321,pomegrana,0,0,0,0,,
322,ananas,14,20,34,-6,0.4117647058823529,0.5882352941176471
323,vanilla raspberry,0,2,2,-2,0.0,1.0
324,c rum,2,0,2,2,1.0,0.0
325,gummi bear,1,1,2,0,0.5,0.5
326,ginger ale,5,1,6,4,0.8333333333333334,0.16666666666666666
327,rew,2879,2214,5093,665,0.5652856862360102,0.4347143137639898
328,ripe a,3,2,5,1,0.6,0.4
329,leaf,958,294,1252,664,0.7651757188498403,0.23482428115015974
330,ripe banana,12,0,12,12,1.0,0.0
331,c custard,2,1,3,1,0.6666666666666666,0.3333333333333333
332,lemon meringue pie,19,22,41,-3,0.4634146341463415,0.5365853658536586
333,greek yogurt,6,6,12,0,0.5,0.5
334,dulce de leche,12,2,14,10,0.8571428571428571,0.14285714285714285
335,wintergreen,48,32,80,16,0.6,0.4
336,zebra stripe gum,11,44,55,-33,0.2,0.8
337,cookie,116,48,164,68,0.7073170731707317,0.2926829268292683
338,cap super sweet,0,3,3,-3,0.0,1.0
339,bf,300,274,574,26,0.5226480836236934,0.47735191637630664
340,cap sugar cookie,6,2,8,4,0.75,0.25
341,banana coconut,6,6,12,0,0.5,0.5
342,watermelon,2320,5248,7568,-2928,0.30655391120507397,0.693446088794926
343,cranberry,22,12,34,10,0.6470588235294118,0.35294117647058826
344,yummy gummy,7,0,7,7,1.0,0.0
345,tfa vanilla bean ice cream,6,0,6,6,1.0,0.0
346,peppermint,27,36,63,-9,0.42857142857142855,0.5714285714285714
347,caramel ca,0,5,5,-5,0.0,1.0
348,dutch apple pie,3,1,4,2,0.75,0.25
349,zebra stripe,-10,-40,-50,30,0.2,0.8
350,super s,184,189,373,-5,0.4932975871313673,0.5067024128686327
351,sweet cream,421,90,511,331,0.8238747553816047,0.1761252446183953
352,tobacco,4445,2070,6515,2375,0.6822716807367614,0.3177283192632387
353,fa almond,1,1,2,0,0.5,0.5
354,pink champagne,1,1,2,0,0.5,0.5
355,rex,50,35,85,15,0.5882352941176471,0.4117647058823529
356,a raspberry,10,3,13,7,0.7692307692307693,0.23076923076923078
357,rhubarb,4,4,8,0,0.5,0.5
358,banana foster,2754,1062,3816,1692,0.7216981132075472,0.2783018867924528
359,coconut cream,8,2,10,6,0.8,0.2
360,cap butter cream,2,0,2,2,1.0,0.0
361,cap sweet cream,4,0,4,4,1.0,0.0
362,caramel apple,18,4,22,14,0.8181818181818182,0.18181818181818182
363,condensed milk,3,6,9,-3,0.3333333333333333,0.6666666666666666
364,cara,274,144,418,130,0.6555023923444976,0.3444976076555024
365,dunhill,2,1,3,1,0.6666666666666666,0.3333333333333333
366,cap cinnamon danish,0,0,0,0,,
367,la watermelon,1,2,3,-1,0.3333333333333333,0.6666666666666666
368,coconut,3178,3608,6786,-430,0.4683171234895373,0.5316828765104628
369,acetyl pyrazine,24,12,36,12,0.6666666666666666,0.3333333333333333
370,banana fo,-2294,-883,-3177,-1411,0.722064841045011,0.277935158954989
371,papaya,10,16,26,-6,0.38461538461538464,0.6153846153846154
372,boysenberry,0,6,6,-6,0.0,1.0
373,cap cinnamon danish swirl,2,0,2,2,1.0,0.0
374,b custard,1,0,1,1,1.0,0.0
375,cap vanilla bean ice cream,3,0,3,3,1.0,0.0
376,la peach,2,2,4,0,0.5,0.5
377,coconut milk,2,3,5,-1,0.4,0.6
378,raspberry one,3,2,5,1,0.6,0.4
379,pumpkin spice,9,24,33,-15,0.2727272727272727,0.7272727272727273
380,oko,96,87,183,9,0.5245901639344263,0.47540983606557374
381,super sweet,24,23,47,1,0.5106382978723404,0.48936170212765956
382,key lime pie,44,27,71,17,0.6197183098591549,0.38028169014084506
383,frontier,7,7,14,0,0.5,0.5
384,vanilla custard cream,4,0,4,4,1.0,0.0
385,strawberry cheese cake,2,1,3,1,0.6666666666666666,0.3333333333333333
386,tobacco flavour,16,9,25,7,0.64,0.36
387,marshmallow,553,48,601,505,0.9201331114808652,0.07986688851913477
388,zooch,4,4,8,0,0.5,0.5
389,vanillin,1,1,2,0,0.5,0.5
390,e strawberry,267,73,340,194,0.7852941176470588,0.21470588235294116
391,blackber,18,14,32,4,0.5625,0.4375
392,strawberry b,75,23,98,52,0.7653061224489796,0.23469387755102042
393,butter toffee,0,1,1,-1,0.0,1.0
394,fw hazelnut,2,0,2,2,1.0,0.0
395,black cherry,35,10,45,25,0.7777777777777778,0.2222222222222222
396,fw yellow cake,2,2,4,0,0.5,0.5
397,afternoon delight,4,12,16,-8,0.25,0.75
398,room temp,71,37,108,34,0.6574074074074074,0.3425925925925926
399,chocolate hazelnut,3,0,3,3,1.0,0.0
400,strawberry c,348,44,392,304,0.8877551020408163,0.11224489795918367
401,em sweete,0,0,0,0,,
402,chai tea,14,1,15,13,0.9333333333333333,0.06666666666666667
403,rice krispies,2,2,4,0,0.5,0.5
404,strawberry ca,9,10,19,-1,0.47368421052631576,0.5263157894736842
405,jungle juice,13,4,17,9,0.7647058823529411,0.23529411764705882
406,pineapple,333,369,702,-36,0.47435897435897434,0.5256410256410257
407,capella cool mint,2,2,4,0,0.5,0.5
408,n nut,11,16,27,-5,0.4074074074074074,0.5925925925925926
409,fa bavarian cream,3,1,4,2,0.75,0.25
410,lemon,1197,504,1701,693,0.7037037037037037,0.2962962962962963
411,lacaramel,3,0,3,3,1.0,0.0
412,sassafras,4,0,4,4,1.0,0.0
413,key l,112,59,171,53,0.6549707602339181,0.34502923976608185
414,wild cherry,4,4,8,0,0.5,0.5
415,apricot,42,15,57,27,0.7368421052631579,0.2631578947368421
416,strawberry milk,149,65,214,84,0.6962616822429907,0.3037383177570093
417,peach,631,504,1135,127,0.5559471365638766,0.4440528634361233
418,e sucralose,14,10,24,4,0.5833333333333334,0.4166666666666667
419,beer hang,0,2,2,-2,0.0,1.0
420,tres lech,6,0,6,6,1.0,0.0
421,blueberry ice,4,1,5,3,0.8,0.2
422,apple ca,2,1,3,1,0.6666666666666666,0.3333333333333333
423,peanut but,103,75,178,28,0.5786516853932584,0.42134831460674155
424,peanut,118,95,213,23,0.5539906103286385,0.4460093896713615
425,tfa sour,0,2,2,-2,0.0,1.0
426,blackcurrant,3,4,7,-1,0.42857142857142855,0.5714285714285714
427,e custard,61,29,90,32,0.6777777777777778,0.32222222222222224
428,lemonade,195,95,290,100,0.6724137931034483,0.3275862068965517
429,cherry,125,61,186,64,0.6720430107526881,0.3279569892473118
430,root,293,55,348,238,0.8419540229885057,0.15804597701149425
431,menthol blend,2,3,5,-1,0.4,0.6
432,strawberry sweet,4,0,4,4,1.0,0.0
433,strawberry tf,2,0,2,2,1.0,0.0
434,candy corn,0,2,2,-2,0.0,1.0
435,titty,16,17,33,-1,0.48484848484848486,0.5151515151515151
436,coca,24,26,50,-2,0.48,0.52
437,irish cream,54,9,63,45,0.8571428571428571,0.14285714285714285
438,coconut vi,2,0,2,2,1.0,0.0
439,coconut extra,12,0,12,12,1.0,0.0
440,brown sugar,86,12,98,74,0.8775510204081632,0.12244897959183673
441,any one,11,15,26,-4,0.4230769230769231,0.5769230769230769
442,amaretto,32,24,56,8,0.5714285714285714,0.42857142857142855
443,s raspberry,3,0,3,3,1.0,0.0
444,la caramel,8,4,12,4,0.6666666666666666,0.3333333333333333
445,lkj,2,2,4,0,0.5,0.5
446,custard,633,237,870,396,0.7275862068965517,0.27241379310344827
447,tobacco blend,11,3,14,8,0.7857142857142857,0.21428571428571427
448,d cookie,10,3,13,7,0.7692307692307693,0.23076923076923078
449,cooling agent,2,3,5,-1,0.4,0.6
450,lemon sicily,8,0,8,8,1.0,0.0
451,lychee,24,33,57,-9,0.42105263157894735,0.5789473684210527
452,guava,43,18,61,25,0.7049180327868853,0.29508196721311475
453,kiwi double,1,1,2,0,0.5,0.5
454,horchata cap,2,1,3,1,0.6666666666666666,0.3333333333333333
455,hawk sauce,80,3,83,77,0.963855421686747,0.03614457831325301
456,green apple,116,108,224,8,0.5178571428571429,0.48214285714285715
457,maple syrup,8,20,28,-12,0.2857142857142857,0.7142857142857143
458,coconut cream pie,4,4,8,0,0.5,0.5
459,cherry limeade,3,1,4,2,0.75,0.25
460,c r,520,328,848,192,0.6132075471698113,0.3867924528301887
461,bavarian cream,405,47,452,358,0.8960176991150443,0.10398230088495575
462,banana split,120,210,330,-90,0.36363636363636365,0.6363636363636364
